time,flux,flux_err
58410.43031972532,-17.657182675110793,0.36302783231967173
58410.4511535533,-16.62216521560812,0.34522497919235035
58410.51365503632,-19.97060507630298,0.3821496117943237
58410.5344888636,-18.378476932935676,0.4394016310690701
58410.55532269088,-18.36350846442479,0.3362109241007781
58410.5761565177,-20.53277992712496,0.31698944629661124
58410.59699034406,-20.423185856042277,0.27438306605150203
58410.617824170404,-18.33265082177313,0.33648294856357114
58410.63865799629,-18.21855481746203,0.380180332188774
58410.659491821716,-19.119548414161294,0.299750390865451
58410.6803256469,-19.605539148979314,0.3596743790044179
58410.701159471624,-21.19869828086041,0.32767747960666616
58410.721993296116,-19.49309046717346,0.392288735949517
58410.7428271199,-21.267601761796175,0.3437112050453766
58410.76366094346,-19.997403599039806,0.3483558581586843
58410.784494766325,-17.87723156761786,0.3651924297943999
58410.80532858895,-20.440979393098658,0.3658606766082277
58410.82616241088,-19.05075851419869,0.39205838787669967
58410.84699623234,-17.929602391994788,0.3544634143295819
58410.86783005334,-20.476394114369036,0.3764370917842049
58410.88866387387,-19.75603532220858,0.30447052638380945
58410.90949769394,-16.20467070048234,0.3461927133064855
58410.9303315133,-21.13079951123781,0.330673113887117
58410.95116533197,-21.376908569830896,0.34004731424102325
58410.97199915041,-21.245337431935738,0.3178874061100517
58410.99283296815,-19.50383680003383,0.36174656245630615
58411.013666785184,-20.25679678068623,0.3493963731843968
58411.03450060176,-18.8086469776501,0.347438842630622
58411.05533441764,-18.37143998294792,0.32553322258041534
58411.07616823281,-21.145457206273043,0.34172084152628907
58411.09700204752,-18.446575295333513,0.33893139183298926
58411.11783586177,-18.931700875353712,0.3286750447148399
58411.13866967508,-20.985442158716157,0.35478276814082793
58411.15950348793,-23.261152640696128,0.3264264531253853
58411.18033730031,-21.05381048112338,0.3323785264697115
58411.20117111176,-20.291674454460903,0.3083507925164107
58411.22200492275,-18.276487572316984,0.3590723868704745
58411.24283873304,-19.614942321061925,0.35014819865090724
58411.26367254262,-17.343815337623727,0.3538524069126902
58411.284506351745,-17.631345272742287,0.3435965854468507
58411.30534015994,-18.658459423086263,0.37106382462471227
58411.32617396767,-21.340601157603142,0.3049228397464526
58411.34700777469,-21.235712787994313,0.3166239696205442
58411.36784158102,-18.276591502606077,0.3656937740504279
58411.38867538689,-18.636514902794055,0.3217365235408988
58411.40950919181,-20.056302000976327,0.32304398020327296
58411.43034299628,-20.82138547846034,0.3142222899265948
58411.45117679982,-20.155527216916504,0.37405420463919664
58411.47201060288,-18.08802844609297,0.33530146048636866
58411.49284440526,-18.444334274195217,0.3481006596908101
58411.51367820693,-19.196086306467265,0.3956540614910191
58411.53451200791,-24.336730978670573,0.3699565346214582
58411.55534580841,-20.76606158214921,0.32233130255200937
58411.57617960799,-20.622664858299782,0.34286809053212675
58411.59701340687,-18.12620423142202,0.3157924020368884
58411.61784720528,-21.474063517758424,0.32804970987680837
58411.63868100276,-20.9822121366246,0.34428274652271484
58411.65951479978,-18.809463210330406,0.31591163130461136
58411.68034859609,-21.55320922186651,0.3389016179008356
58411.70118239171,-20.622135529187723,0.35072000174521883
58411.722016186635,-19.387285513856543,0.3773153194825422
58411.74284998085,-19.474584093392426,0.33623699555718706
58411.805351359326,-19.44793367148335,0.34766111447639597
58411.826185150756,-18.642752051935243,0.3359355171500891
58411.84701894149,-20.14284192003644,0.3671547206265253
58411.86785273175,-22.653650414264,0.3893384971853866
58411.88868652108,-21.065712045993312,0.3296932953782052
58411.90952030995,-19.075577838871038,0.31985609593844605
58411.93035409812,-18.579769066506813,0.3419143391515501
58411.95118788535,-19.44006387514667,0.31170231557383415
58411.972021672125,-20.08286066706881,0.37007870251384406
58411.9928554582,-20.13477024686297,0.334038885313319
58412.01368924357,-18.573409647033166,0.35877716907635193
58412.03452302825,-20.5362525357617,0.3513802924155908
58412.05535681223,-18.18874851750581,0.3297425212927272
58412.07619059551,-18.339058575503017,0.33116958460326157
58412.097024378316,-19.277659834038907,0.3807817084817613
58412.1178581602,-21.310354751281505,0.3558915318082526
58412.138691941385,-20.54314870013455,0.3708972588890425
58412.1595257221,-19.890473163868943,0.33697678250435187
58412.18035950212,-22.234049728859603,0.43252618206653354
58412.20119328144,-21.37545437056094,0.3658108528735155
58412.22202705983,-18.98261001634073,0.34570606129313197
58412.24286083775,-17.36160555242478,0.38879267011623775
58412.26369461521,-17.94021720776452,0.3141124025124764
58412.28452839174,-20.81705818362779,0.39759110650231805
58412.305362167564,-19.7575452199946,0.3837507859308698
58412.32619594293,-17.488047084397465,0.3255128047807231
58412.34702971736,-20.276382961721204,0.3073839916690065
58412.36786349132,-19.046587100743714,0.282963442560964
58412.38869726459,-20.13733170290742,0.35863092045386924
58412.40953103716,-22.152845007067945,0.3142078083131565
58412.43036480903,-20.010361990828418,0.3182654777032588
58412.4511985802,-19.712950414748068,0.30842218631880186
58412.47203235091,-16.437244914756644,0.3462249655769988
58412.49286612069,-21.6021551303459,0.3324446410060971
58412.51369988999,-17.615129756083416,0.3726825470358879
58412.5345336586,-19.61201266315017,0.4016835620849047
58412.55536742652,-18.001294391721576,0.39241100486028757
58412.576201193726,-18.448087959580707,0.36155057835840365
58412.597034960476,-21.167594064008583,0.3169495139915684
58412.617868726295,-20.223907481151514,0.32599356196402796
58412.63870249165,-20.412248485653336,0.3601652269751221
58412.659536256295,-20.204060109258396,0.3441338863449219
58412.68037002025,-20.169556087511197,0.38205591808557515
58412.70120378351,-17.84864048282965,0.3426393229680868
58412.72203754629,-18.40442097744962,0.3221484673819913
58412.74287130815,-19.343899222483156,0.30672626994055746
58412.805372590235,-21.38054163409073,0.3752946400506464
58412.82620634977,-20.48604603284182,0.3642138001293046
58412.8470401086,-22.639440936726775,0.3450269343917685
58412.8678738665,-20.801534539390193,0.3619326109471132
58412.888707624166,-21.14567630728631,0.3412518898578614
58412.909541380905,-17.656537537120194,0.3612375379965567
58412.930375136944,-21.240695758033215,0.36222134125610683
58412.95120889251,-17.6404920288419,0.36226420561763417
58412.97204264739,-17.020445746224397,0.4288365142479441
58412.992876401564,-19.235347946440413,0.3503315580953028
58413.01371015527,-18.921247480910807,0.4011418488394317
58413.03454390805,-17.472677867153756,0.3256447941923555
58413.05537766036,-17.483240499894954,0.34913936729982764
58413.07621141198,-19.04590287517,0.3269035014792054
58413.09704516312,-19.69254314779336,0.2971391127894301
58413.117878913574,-17.257508859181364,0.3649552935384889
58413.138712663094,-19.450467502913064,0.32098565080810315
58413.159546412375,-17.031486042952327,0.35249254303630057
58413.18038016073,-19.99723811755137,0.40929177362096836
58413.20121390862,-19.23523576399173,0.34432188257006613
58413.222047655814,-18.458819906536917,0.33151202158971577
58413.2428814023,-19.293889208668425,0.3338136656820102
58413.26371514833,-17.7909171969793,0.36143373035562004
58413.284548893425,-17.49792817878948,0.3401466441741483
58413.30538263805,-17.693936845090874,0.36338852953674305
58413.326216382215,-18.042702289463687,0.33395349911012995
58413.34705012545,-17.544254189911282,0.34998341371310504
58413.36788386822,-18.38342602730791,0.36222899044687756
58413.38871761051,-18.238245030622352,0.3429277342361634
58413.409551351884,-18.56882824142566,0.3542785056636747
58413.47205257273,-19.490960036514053,0.348300473271158
58413.49288631154,-19.60153903195523,0.3525368588372474
58413.53455378776,-20.588897255639967,0.2834329437899848
58413.555387524706,-17.391764816688415,0.31459126733337134
58413.57622126119,-19.926389728262624,0.41306426117424744
58413.597054997204,-18.989771054409143,0.35253015256800724
58413.61788873228,-20.45812662598141,0.30550811304382164
58413.6387224669,-19.13220578035789,0.32713289426675846
58413.659556201055,-19.12175469778255,0.3199080572543996
58413.68038993427,-19.987238892919923,0.3761398377224702
58413.70122366703,-18.136784015940638,0.3640439308755466
58413.72205739932,-19.18232935445163,0.32249473604169526
58413.74289113068,-19.183234792244203,0.3239896215553291
58413.763724861565,-18.607456724198368,0.3495909765598566
58413.78455859199,-18.176165757608246,0.40019918170724045
58413.80539232149,-17.16964470826614,0.28913951346283184
58413.82622605052,-20.44602724947127,0.3861774204860715
58413.84705977908,-19.71561341125444,0.33112292717446573
58413.867893506715,-20.022324165582233,0.33937803368577885
58413.888727234116,-19.065671502680487,0.344173740861898
58413.90956096058,-20.66396402105004,0.40062204098945575
58413.930394686584,-20.957414549836756,0.3204858133000923
58413.95122841189,-19.54966847302908,0.36555602865134196
58413.97206213673,-18.468432862695014,0.3399290148327826
58413.992895860865,-19.1358951728924,0.3279264698834194
58414.01372958431,-19.101324294514114,0.36964412597814833
58414.03456330729,-18.811772533685506,0.3655446043024918
58414.05539702956,-22.17239253650914,0.34636019542410773
58414.07623075114,-19.37649872328296,0.3247288063007397
58414.097064472255,-20.008229494884908,0.33307461690102885
58414.11789819267,-17.91273219044304,0.35761589045170683
58414.138731912615,-17.761556296391774,0.3788399517873128
58414.15956563187,-16.521908259494346,0.3561590530575243
58414.18039935042,-19.600377447572384,0.30611093606491396
58414.20123306851,-15.256889828286624,0.33013597149408336
58414.22206678589,-18.859294849289903,0.41143970613839886
58414.242900502584,-21.272763717123834,0.34503900508161056
58414.26373421881,-20.464083703270965,0.3392088382047752
58414.28456793457,-16.725630483570978,0.3407496756201507
58414.30540164939,-16.254310026737162,0.37476314448747927
58414.32623536399,-19.529668844012136,0.34409114340090646
58414.34706907765,-16.67787731158844,0.36436287323501027
58414.36790279085,-18.817303730668694,0.34889736952234457
58414.388736503344,-17.861062909120974,0.34241888558269973
58414.40957021538,-18.266631904337977,0.3360467484302102
58414.430403926715,-18.690525390424124,0.38235526948537407
58414.45123763758,-17.974006199495612,0.40725962303294355
58414.47207134775,-20.45146880100552,0.37514985855483024
58414.492905057225,-17.4032684639024,0.39817662935322307
58414.51373876623,-19.864994464233064,0.3951952939049301
58414.53457247477,-19.513402783985637,0.3230414024959654
58414.55540618238,-22.066395882096703,0.33861304127740177
58414.576239889524,-19.040345253882762,0.3242724427026256
58414.597073596204,-18.87540357254134,0.32184406485567607
58414.61790730218,-18.445583077510197,0.3383569709821088
58414.63874100746,-21.610907569865255,0.425316097938955
58414.65957471228,-20.69350408273507,0.36073693424920267
58414.68040841663,-21.73689190183195,0.3892137658345008
58414.70124212004,-19.094109692058325,0.41503595396443554
58414.722075822996,-19.229079280928467,0.3519003596669011
58414.742909525485,-19.351008685973497,0.3770440266130194
58414.763743227275,-20.634421373369,0.3691641366830618
58414.78457692859,-20.777130314272735,0.34369559378120884
58414.805410628986,-18.173587537914198,0.35710790334436415
58414.826244329146,-20.559652593981422,0.3474445173171221
58414.84707802861,-19.02387025275244,0.3649631064249941
58414.867911727364,-19.535037800769544,0.3621902113619741
58414.88874542566,-18.262882226208212,0.3154271528947281
58414.90957912326,-19.545961398087243,0.3658144267167179
58414.930412820155,-17.751431590171514,0.38943151999895176
58414.95124651659,-19.846955785791014,0.2921314086091693
58414.97208021256,-18.1952675110894,0.32958708906269235
58414.99291390783,-20.801246103631662,0.38300304179734396
58415.0137476024,-16.063999893097254,0.362147667086678
58415.0345812965,-18.428428851122206,0.36756943132572
58415.05541498991,-17.350227007313062,0.36248968047886404
58415.07624868285,-17.8168421295741,0.33084284633360933
58415.09708237532,-17.935745592332133,0.3709463112479993
58415.11791606687,-20.791328851646476,0.3033723579051141
58415.13874975795,-24.18220176444915,0.32777029304783545
58415.15958344856,-19.06780748198433,0.34836727267859197
58415.18041713848,-20.33684631773137,0.31966110873560016
58415.20125082792,-19.24871274647434,0.32186559889435945
58415.222084516674,-21.84847583854668,0.37849332297317734
58415.24291820473,-19.219450513552683,0.3424116099314094
58415.263751892315,-19.406326037124867,0.3793606809326422
58415.28458557943,-20.119263961072264,0.404499887271999
58415.30541926585,-15.733812907957878,0.30313221759506415
58415.32625295158,-19.996862024778842,0.3051227343118897
58415.34708663683,-18.719246951416647,0.37158597130520316
58415.36792032139,-19.973115016012418,0.3177550566654967
58415.388754005486,-17.79088652132761,0.34537394208451483
58415.40958768888,-18.14704544057877,0.32751381771834287
58415.43042137181,-17.869763068764886,0.36253479297724767
58415.45125505404,-19.1852924389484,0.34201733134792733
58415.472088735805,-19.55336542304503,0.36702614673417383
58415.49292241687,-18.05268140837663,0.30223915195128565
58415.513756097476,-18.81895586726044,0.35488975746322543
58415.53458977737,-21.80143331001527,0.3347865528792126
58415.55542345681,-18.278121639974614,0.31252406767791013
58415.57625713555,-17.57935504831455,0.3379557362852493
58415.597090813826,-19.051260296498494,0.35172709494076004
58415.617924491395,-17.537541699221155,0.351401751455927
58415.63875816827,-17.290757452964446,0.359831440665598
58415.659591844684,-21.0489646829471,0.37487077787467177
58415.68042552063,-19.760870760429253,0.3102399634305027
58415.70125919587,-20.2196909933306,0.331570590446364
58415.72209287042,-19.21972856251997,0.34642530376875064
58415.7429265445,-20.31376552624098,0.3325267002005718
58415.76376021812,-18.7090692480909,0.31734220027256826
58415.78459389103,-19.129120253380854,0.35529779284377844
58415.80542756325,-20.221483102850694,0.33168228575533765
58415.82626123501,-20.163966383435827,0.34684109052258677
58415.8470949063,-18.247581709758556,0.33577936168050937
58415.86792857688,-17.725174021063996,0.3773502762181051
58415.888762246774,-18.78600018022095,0.33785462163971114
58415.9095959162,-20.642434422459104,0.3723343331421764
58415.93042958516,-17.937294273465394,0.30595090853164675
58415.95126325342,-18.973211129154496,0.3431426093734016
58415.97209692098,-17.204241965619772,0.33718400008002497
58415.99293058808,-17.024976025253135,0.38428422765236225
58416.01376425448,-16.535385420266454,0.39301751994175455
58416.03459792041,-17.051855620430427,0.33822061557575517
58416.055431585875,-20.347390734648343,0.34100318884254366
58416.076265250646,-20.53235931150349,0.3637615190362655
58416.09709891472,-19.398281563770688,0.30785252943598373
58416.11793257832,-16.908824819504556,0.31504133303909615
58416.13876624122,-21.17580534506398,0.3105506994496639
58416.159599903665,-19.727182386173915,0.34415883387439505
58416.18043356564,-17.27282236901283,0.39393904744828623
58416.20126722692,-18.963173733230356,0.38055143999970037
58416.22210088749,-20.34041345210552,0.3290078406666411
58416.242934547605,-15.843044284236656,0.392847485025188
58416.26376820702,-18.986086312870714,0.3079514119713562
58416.28460186597,-20.071375603556113,0.39678822282306736
58416.305435524446,-20.146051624991628,0.31639253430132563
58416.326269182,-19.75438611680482,0.3740169933721702
58416.34710283932,-20.86420821920856,0.3476858816889095
58416.36793649594,-20.162093347485254,0.34293913003942667
58416.388770151854,-19.706357354875134,0.34133618339033567
58416.40960380731,-18.896557368962455,0.3567065904323289
58416.47210477019,-22.048021414251963,0.3344881480924831
58416.55543937897,-19.8514707822319,0.3730373752062902
58416.65960762714,-17.3478386344157,0.36291175492540756
58416.70127492222,-20.517088151043186,0.34159676424327945
58416.72210856883,-15.962211839766528,0.3497664022280454
58416.74294221497,-17.89546876397489,0.32723474130196634
58416.76377586064,-22.440897688168587,0.3105587207377363
58416.805443149904,-22.864053803165024,0.310290336926987
58416.82627679372,-19.912515982499247,0.3752848670569255
58416.86794407948,-19.392558054515085,0.3717533605593646
58416.888777721666,-17.812318442084266,0.34083890787989973
58416.90961137363,-19.681216845022114,0.28284867170351646
58416.93044501465,-19.795409126604525,0.37325083107990037
58416.95127865497,-18.709288997570034,0.33915555574071776
58416.97211229459,-17.681732546221323,0.36070311709994335
58416.99294593375,-18.470731630782005,0.30174638529632114
58417.01377957221,-20.235324384200073,0.4249943640750173
58417.0346132102,-20.469842621706153,0.37523112831706146
58417.05544684773,-21.8072738245557,0.33906885990057006
58417.076280484325,-20.44029961665855,0.3454370115073077
58417.09711412069,-21.91948147651839,0.33705386113183
58417.11794775635,-20.862337386015238,0.3917748215665618
58417.13878139132,-17.821470288461704,0.3451037691909297
58417.15961502582,-21.58082050509535,0.3214428131215964
58417.18044865962,-18.509886658496125,0.4092041492244585
58417.20128229296,-20.372000204085698,0.37630603474826113
58417.2221159256,-19.64546708428324,0.28620804320521354
58417.24294955777,-20.274079784400513,0.3759417965756956
58417.263783189475,-20.731943612264327,0.40303098981970725
58417.28461682025,-18.999018676643544,0.31764866848219814
58417.305450450796,-19.035207141252073,0.3680138555036938
58417.3262840804,-19.21071436792257,0.31807549231061666
58417.34711770978,-17.44324669464953,0.4096805300429722
58417.36795133823,-18.679341902561518,0.3446309987535794
58417.388784966446,-18.03792977157208,0.37797890268320966
58417.40961859372,-18.27118876340824,0.3668857056376617
58417.430452220775,-22.554966519348994,0.3983128822694083
58417.451285846895,-18.618408339124056,0.3615674286808922
58417.47211947278,-17.71926788372464,0.35273507054235137
58417.49295309774,-21.308577991091507,0.35044879828162745
58417.513786722455,-17.474223131184175,0.3149125534753506
58417.53462034625,-19.790361156646085,0.3627120498158047
58417.55545396957,-19.487661598123847,0.35936439481968463
58417.576287592434,-19.6394194800826,0.37593982694274736
58417.597121214596,-21.005432409088655,0.33631763472585124
58417.617954836285,-19.80861050911128,0.34317395937524564
58417.63878845728,-20.890846880180575,0.39744496769808413
58417.65962207758,-18.758658499386236,0.3437541049595895
58417.68045569765,-20.659477101278657,0.453801322189583
58417.70128931678,-19.885108121515113,0.3680342101558593
58417.72212293545,-18.62873353393864,0.35799019392639087
58417.74295655365,-16.70254954096469,0.33506394752654467
58417.76379017116,-19.797385013357022,0.3778167094925481
58417.784623787964,-20.8190960211411,0.3481638445436878
58417.8054574043,-19.341357687082468,0.38115700134500624
58417.82629101994,-16.118385965238012,0.2758791723878557
58417.84712463512,-18.45726096067655,0.3775979635108513
58417.8679582496,-19.22954446752042,0.34595791595023306
58417.88879186361,-18.695204103940263,0.3154544081689185
58417.90962547715,-19.2963144009615,0.37313342187238463
58417.93045908977,-18.995715756854107,0.3733834688307441
58417.95129270215,-17.825100778531088,0.3799828308414046
58417.9721263136,-17.546194807054007,0.3085793853877647
58420.74299127514,-19.5880366662502,0.7651140868924929
58420.76382480487,-17.018358230879123,0.8298936366626235
58420.784658333665,-16.94188219904373,0.7148328878517468
58420.805491862,-18.24050965657816,0.7716711348799475
58420.82632538962,-17.83467727831029,0.7674077359182521
58420.84715891679,-17.231710815667622,0.8057443517008805
58420.86799244326,-14.902867584353649,0.8359447784063292
58420.88882596903,-14.239283807294045,0.8557913678493694
58420.90965949433,-14.559180386711573,0.8896857186091198
58420.9304930187,-13.289533191093895,0.933994263052511
58420.95132654261,-13.561793771550851,0.9875639155831741
58420.97216006605,-13.40642810550827,1.0216506575558466
58420.99299358879,-14.128224040420308,0.9770764634833975
58421.01382711084,-13.745076895875195,1.0309760095174094
58421.034660632184,-11.976159711432167,1.0677617598539515
58421.055494153065,-13.214223024435364,1.0905909552891406
58421.07632767325,-9.540278834396844,1.113812211760728
58421.09716119272,-10.179829327018304,1.1191185181768766
58421.11799471174,-13.526270811174902,1.1181290650213385
58421.13882823006,-10.510873354334343,1.1966340379535
58421.15966174768,-10.408959379456153,1.2166475089851
58421.18049526484,-13.091385528166107,1.1596883888528642
58421.20132878129,-10.55289621401761,1.1593508544638567
58421.22216229728,-9.596351159662603,1.1465166547345538
58421.24299581257,-10.757486126814774,1.1987948929454022
58421.26382932717,-11.463359698007077,1.1455879351341551
58421.284662841295,-10.69889747581977,1.1277979768048336
58421.305496354726,-11.93130775353454,1.1997126077940925
58421.32632986769,-12.36435323806525,1.1047873974655884
58421.34716337995,-13.57273831261239,1.0476940488493685
58421.36799689152,-12.478740839001706,1.037447778893462
58421.38883040262,-14.327665636823678,1.0681392428139198
58421.409663913255,-14.233964676496457,1.061764494555664
58421.43049742319,-11.7506907607906,0.9622463822334665
58421.451330932425,-14.469944926832138,0.9806925737348685
58421.4721644412,-11.84642090754865,0.9777144419171984
58421.49299794927,-15.749314999037564,0.9493220177803675
58421.513831457116,-11.16647008125951,0.9611139159184132
58421.53466496403,-13.207447775163592,0.8813162084610474
58421.55549847047,-13.992389440532506,0.8833874788405601
58421.57633197645,-11.248961674746695,0.9289914531988201
58421.597165481966,-14.57388595473753,0.8908937402137062
58421.617998986774,-12.905404424781812,0.8532945837000955
58421.638832491124,-16.25424475372612,0.8056590256104531
58421.659665994775,-13.232470138706592,0.8487735977311108
58421.680499498194,-13.63957970080472,0.7717531889587229
58421.701333000914,-11.472176772958232,0.8250900045793201
58421.722166502936,-13.00825106913541,0.7481449430079413
58421.74300000472,-11.706067838041458,0.7691867007716708
58421.76383350604,-11.053781368534523,0.7491600477686134
58421.784667006665,-11.994062333577377,0.7454843865304644
58421.80550050706,-12.757834068063625,0.7703414932284228
58421.82633400675,-11.726515635744406,0.7154026397803119
58421.84716750621,-11.049216733601883,0.729328034643195
58421.86800100497,-12.50826862926612,0.7803578927143903
58421.888834503494,-12.435213073128965,0.6942681052302835
58421.90966800156,-11.113846199386991,0.7222361588162769
58421.930501499155,-12.925252790819247,0.6268657371826829
58421.95133499629,-16.869032159501742,0.6128577389199261
58421.97216849319,-12.753442240702036,0.6590384266373712
58421.99300198962,-13.350180030298691,0.7199436714272185
58422.01383548559,-11.985432119765314,0.6079399443963562
58422.034668981316,-8.876363635302289,0.6776283199623678
58422.05550247682,-16.068861734819862,0.6473528842998938
58422.07633597209,-13.964705145938579,0.6575892588096625
58422.09716946689,-13.319134704846721,0.7132858906734453
58422.11800296146,-11.7575902597114,0.7186557692196615
58422.1388364558,-13.902049158754943,0.7029280365879302
58422.1596699499,-15.77870565331453,0.7016888072254919
58422.18050344377,-13.788364912006138,0.7693537673138962
58422.20133693741,-17.622310527053976,0.7401778613249873
58422.22217043105,-11.234369295060578,0.6680486397465101
58422.24300392446,-13.396205182943334,0.6768914773131806
58422.26383741763,-11.008733724873998,0.833482498637172
58422.28467091104,-12.877395851693285,0.7654897253824576
58422.30550440421,-14.518915713349292,0.8504165998207356
58422.32633789738,-14.380435725356495,1.0049937700306333
58422.347171390786,-11.725639409141971,0.7568118750135304
58422.36800488396,-10.045890803307547,0.9310937734198192
58422.38883837737,-9.441438731463952,0.8692908606369726
58422.409671871006,-12.42295702371625,0.8611991229788157
58422.49300584719,-11.997225271400154,1.0790683729250166
58422.513839342224,-10.788631791476508,1.0138996893743037
58422.53467283749,-14.698200663811145,1.2042674447757942
58422.55550633323,-12.175136741652661,1.142381483491937
58422.57633982943,-19.668623267389165,1.1788636048916543
58422.59717332632,-8.071531207939891,1.3718184189176725
58422.618006823686,-4.207828319694405,1.3204305698728738
58422.63884032175,-15.937954975244043,1.2807279837124412
58422.659673820745,-11.151778141965686,1.2766414611499286
58422.68050732044,-15.757142863911053,1.3438167117464934
58422.70134082083,-9.44518953130779,1.0456362695911319
58422.722174322385,-10.60580635144922,1.1492846660235392
58422.74300782487,-1.9403120455490233,1.3377873882655789
58422.76384132852,-15.693187928342184,1.3762286842654752
58422.78467483333,-11.522054240184609,1.319280193559739
58422.80550833931,-8.374433373171293,1.3137305353696773
58422.82634184669,-14.344053414486254,1.3432699097724419
58422.84717535523,-13.892835711027235,1.5156182720564435
58422.8680088654,-12.734309998973718,1.3806141190169428
58422.88884237697,-8.793982496097211,1.5674685399320494
58422.90967589016,-2.7026222033608907,1.3206014095117984
58422.930509404985,-6.825259640798376,1.2758492898129745
58422.95134292144,-7.423999649071982,1.1987829202445248
58422.97217643976,-1.0032584461592866,1.2850037271066987
58422.993009959944,-11.964536817531103,1.2757990392785865
58424.07635545111,-13.655001763378024,0.3428290647207623
58424.09718904101,-11.285251885437662,0.44238250403934604
58424.11802263044,-13.559587656886446,0.35007386545962743
58424.13885622012,-11.779041010903352,0.42696859850733393
58424.15968980932,-12.508104443389447,0.3495940178708175
58424.18052339829,-12.910613592065737,0.35661890943029123
58424.201356987025,-12.349719053915939,0.38920734889422676
58424.22219057553,-10.422545289928173,0.5576910431525274
58424.24302416381,-11.506680775198738,0.3503917340870075
58424.26385775161,-12.15683280006668,0.3849140683746884
58424.284691339184,-11.933395735676543,0.35785488776021174
58424.30552492629,-11.810931995044001,0.3828396003265916
58424.326358513164,-11.523108644471195,0.370853981198565
58424.34719209935,-13.404199582359494,0.3528304498163284
58424.36802568529,-9.719635733064758,0.39729995281074865
58424.409692855545,-12.636457841033181,0.37497704229537426
58424.45136002417,-13.076433248469018,0.39156636368536446
58424.47219360756,-10.59909339226715,0.33619768852593895
58424.493027190474,-10.32268268871562,0.35722425228575555
58424.513860772924,-11.81216087619828,0.3300116437942212
58424.534694354676,-11.591406382088648,0.38626502656474565
58424.55552793596,-13.297770855734264,0.3523107433982606
58424.57636151655,-12.73719700656567,0.3548245762894105
58424.59719509668,-10.890852280830183,0.373915149622026
58424.618028676334,-11.287326319490722,0.41583755184202176
58424.63886225529,-16.485952745009065,0.4039853472964386
58424.65969583355,-13.985836939628781,0.38006039368179195
58424.680529411344,-14.665741192908824,0.3949033610942588
58424.701362988446,-9.628930691525163,0.3418545667958521
58424.72219656484,-10.841677721874039,0.34037156270811564
58424.74303014077,-12.856803937199782,0.40238351293104646
58424.763863716005,-10.92000177305443,0.4061307460472927
58424.78469729054,-11.313993373941639,0.3802454916772911
58424.80553086438,-11.445234763388392,0.318488261664624
58424.82636443752,-11.569532839582086,0.3478911271619209
58424.84719801019,-12.625783661225535,0.4021628318563458
58424.86803158216,-9.015508875009251,0.3673745648099488
58424.888865153436,-14.13562485303729,0.3909125891767675
58424.90969872402,-11.948348267619625,0.3752024855748075
58424.930532293896,-12.148945552505502,0.37470302795162946
58424.95136586331,-10.437080414651813,0.3801982042952594
58424.97219943179,-11.036101184282515,0.4168500402292013
58424.9930329998,-9.756996002506556,0.4217144505339958
58425.01386656689,-13.274062335418229,0.8454243074611252
58425.03470013351,-12.47131425806656,0.33647914432594683
58425.0555336992,-10.944989224605088,0.3800214752384152
58425.07636726442,-9.858386875385834,0.37711504723849265
58425.09720082894,-12.60732440610499,0.44989211094020626
58425.11803439277,-11.302932498089076,0.3472082485311426
58425.13886795566,-10.079393490835534,0.38544605380892666
58425.15970151809,-10.80543108649606,0.39715613291287616
58425.18053507982,-9.778632552888093,0.3528975319502157
58425.201368640846,-11.290871831388127,0.4227634161731813
58425.222202201185,-11.376596031305823,0.39625375708224225
58425.24303576082,-10.397088303282525,0.2717622797250627
58425.26386931975,-9.801116516959473,0.355686572177269
58425.284702877754,-9.022060778637297,0.3792373280527998
58425.30553643529,-7.708686897268304,0.34908883051937856
58425.32636999214,-9.065614647276583,0.3419898597276883
58425.34720354828,-8.921289499240892,0.37467896504065623
58425.36803710372,-9.130014320615677,0.4065693245744296
58425.38887065823,-9.633450130672667,0.3521374276948912
58425.409704212274,-11.588656769844217,0.41636661401698877
58425.43053776563,-9.616846293992497,0.37290021039312415
58425.451371318275,-9.032327596102688,0.3723875688119136
58425.47220486999,-8.745231741321447,0.37752212903611887
58425.49303842124,-9.89923835373964,0.3912785523349138
58425.513871971794,-10.986755021525198,0.38899385391043495
58425.534705521655,-8.680871032275824,0.3888957567501194
58425.55553907058,-7.676794650285403,0.33725802358403917
58425.576372619034,-13.091868138949968,0.3612996456504518
58425.59720616679,-9.642116066466773,0.3342396286530803
58425.61803971362,-10.012591672492622,0.37089633008071055
58425.63887325999,-8.27340687063192,0.33243234462142063
58425.65970680565,-9.991578036326747,0.3422031521759651
58425.68054035038,-10.174057789414805,0.37892662187625603
58425.70137389465,-8.919789018434413,0.34039420205882376
58425.72220743822,-8.356080324767042,0.3305984081014936
58425.74304098086,-9.53834823755577,0.3153432074849663
58425.76387452303,-10.165903123644311,0.34414176863303103
58425.7847080645,-9.942001732167608,0.413771413552958
58425.805541605274,-10.936943439712273,0.33514019954053603
58425.82637514512,-5.897067074684389,0.3537468064982102
58425.8472086845,-9.745563009757458,0.4057678685855892
58425.86804222318,-8.081749390518734,0.3250858717367932
58425.88887576116,-9.63371353066414,0.34647023887029943
58425.909709298445,-9.935098594354804,0.29235388399128065
58425.93054283503,-10.554034689332735,0.3727154501993803
58425.95137637068,-8.985281878883729,0.31607961680308666
58425.97220990586,-8.877336952337247,0.35167870273308965
58425.99304344035,-10.016787949682614,0.3836313986589989
58426.013876974146,-7.24280784623477,0.3624983045523168
58426.03471050747,-8.831080735276228,0.3143990558684767
58426.05554403986,-8.6020948824698,0.3837130810382817
58426.07637757155,-10.664784266368356,0.2971532226891354
58426.09721110255,-8.741811637475786,0.29631185098491486
58426.11804463308,-12.681815603953865,0.44017703687610543
58426.13887816268,-8.987664916353063,0.33614322449662687
58426.15971169158,-8.840880664396076,0.31688283704294423
58426.18054522001,-4.8362734496248665,0.39604693527878204
58426.20137874775,-8.40247839465903,0.377317883343743
58426.22221227456,-7.413850401832855,0.3309547364338965
58426.2430458009,-8.60902578828779,0.38225929430301386
58426.263879326536,-8.210062507304515,0.3268975736304195
58426.28471285148,-6.576129346420963,0.3221690412929991
58426.30554637573,-7.930175912216123,0.35018610256171756
58426.32637989927,-8.232511597920148,0.3108721391076126
58426.347213422116,-9.545915419781057,0.32734155994140635
58426.368046944495,-7.327842060780075,0.31325391018984927
58426.388880465944,-7.082374053166619,0.41125431632312887
58426.409713986934,-7.456488881083531,0.36388555838749276
58426.430547506985,-7.110827306870124,0.2994091838364567
58426.45138102657,-7.398398201431797,0.32151960704680044
58426.47221454546,-8.396444658061691,0.35887928926254936
58426.493048063654,-7.989481639821365,0.3430597393813501
58426.513881581144,-5.958520998986335,0.3330345028198459
58426.53471509817,-7.3352272562691105,0.35014123806653685
58426.55554861426,-8.695672141983387,0.44173657937714744
58426.57638212989,-5.777103394440884,0.35387356586487967
58426.59721564459,-7.087593345767517,0.3749791848938477
58426.618049158824,-10.346412775139838,0.3422289637308476
58426.638882672356,-7.6757096097815625,0.39224886336886494
58426.65971618519,-9.41211875004858,0.3368337967904851
58426.680549697565,-10.066898878538563,0.28613090815722353
58426.701383209,-6.994185060095825,0.33804984491126616
58426.72221671997,-7.486478510019195,0.30582495740151816
58426.743050230245,-7.760373746804255,0.3215577253807759
58426.76388373982,-8.456746046317756,0.3469287631829791
58426.7847172487,-4.789690807500283,0.3105503681728536
58426.80555075688,-7.21296376535078,0.31377006198341395
58426.82638426459,-11.06147556631644,0.3502386554214294
58426.84721777137,-8.330070123834377,0.39515987423348337
58426.86805127769,-6.977862600783029,0.3299428844388801
58426.88888478331,-7.282759560307369,0.34701753897254006
58426.90971828846,-6.482360094200016,0.3488204280680353
58426.93055179268,-6.063105897930263,0.3968748351242805
58426.95138529643,-6.227116535707374,0.3098944559979312
58426.97221879949,-7.573651042763527,0.34188712046350733
58426.99305230185,-7.857238391272858,0.3340906864411696
58427.013885803506,-7.012274754316803,0.3830823586858916
58427.0347193047,-6.9025286307925136,0.3217847284680144
58427.055552804966,-7.7532535815005925,0.3290972467680021
58427.11805330249,-6.469054072701928,0.3670881976003525
58427.13888680019,-7.632458612444317,0.3444908156280443
58427.15972029743,-8.070545973395486,0.3370852778190813
58427.180553793965,-6.089186217047347,0.3100184388749378
58427.2013872898,-6.943470502230035,0.33126487388763426
58427.222220785174,-7.453304163696301,0.34292042107564685
58427.243054279854,-5.902946531689725,0.3847339067218634
58427.26388777383,-6.834071518608276,0.3037985587286187
58427.284721267104,-4.175664800512148,0.3173469354099918
58427.30555475968,-6.120242693214933,0.3383645613696009
58427.3263882518,-5.136805805520787,0.37348092192864685
58427.34722174321,-6.792562289269512,0.3128287424842412
58427.36805523393,-6.082627897575114,0.35486750090101465
58427.38888872418,-6.362682906121918,0.3542855577648365
58427.40972221373,-3.167920233363635,0.3086506452095732
58427.43055570259,-7.322166930518826,0.37871042599079274
58427.45138919074,-3.023650511304682,0.4015696319422928
58427.472222678196,-7.292366285878864,0.33855623081289504
58427.49305616519,-5.4226116884778985,0.37640361472732475
58427.51388965148,-6.400181644204857,0.2915949155710538
58427.53472313731,-5.446904094858191,0.34722908690546855
58427.5555566222,-7.355550389963186,0.3071450875750402
58427.57639010663,-7.535967967348388,0.3966078772569644
58427.5972235906,-6.0999415294030594,0.2978684556850368
58427.61805707363,-6.0051350393357765,0.3457353545296184
58427.6388905562,-5.675691637056799,0.3487282624372599
58427.659724038065,-5.328822266524469,0.40214594728944425
58427.68055751924,-8.141349110123556,0.34074130889653353
58427.701390999944,-4.704883633544106,0.3399441889614171
58427.72222447995,-8.040572566281773,0.3405961841501209
58427.743057959255,-6.609157461957701,0.28492746429561616
58427.7638914381,-2.7362324641007696,0.29072579020952843
58427.784724916244,-4.928162725209052,0.3658616577965257
58427.80555839369,-6.997369406016129,0.2928558747047353
58427.82639187043,-7.226036670284351,0.34415507129159223
58427.84722534671,-4.69713783977974,0.3446662276161069
58427.8680588223,-7.017694564177522,0.3397294263062709
58427.888892297415,-7.687193917173015,0.36071898095442745
58427.90972577183,-5.8419378166310665,0.3028924788306824
58427.93055924555,-5.024749753673546,0.3462364142680151
58427.951392718576,-5.872269339456994,0.3419536193406249
58427.97222619113,-4.643572152520025,0.29638986884855634
58427.993059662986,-2.9633732851606616,0.32262867827456
58428.01389313414,-5.426007089715322,0.2812353495180856
58428.03472660484,-4.474322600685339,0.3548103103320684
58428.055560074834,-6.995627253616281,0.3572103982876476
58428.07639354413,-4.53324799839932,0.3304479684250628
58428.09722701296,-8.2618184178685,0.27616512742924304
58428.118060481094,-4.708821479801569,0.2961500698377877
58428.138893948526,-5.9600374101423315,0.3347417602565744
58428.15972741549,-3.3348279047138845,0.31335748495216525
58428.18056088176,-4.769931553092058,0.266942704383791
58428.201394347336,-6.482816731506901,0.3170487951748778
58428.22222781244,-5.76565859345432,0.317579228432995
58428.243061276844,-6.277557866657967,0.329956927136413
58428.26389474078,-3.490443001077457,0.3381028409552008
58428.2847282038,-3.2271376600503263,0.28155697538399554
58428.30556166657,-3.806094271466597,0.3088025912191382
58428.32639512842,-4.519038837588453,0.20975070261664233
58428.347228589795,-3.4509835913256213,0.37282162517433765
58428.36806205048,-3.7332396038518825,0.30212303416156244
58428.388895510696,-5.359625522064271,0.3774838669909572
58428.40972896998,-4.620565550912943,0.32545458942035665
58428.43056242903,-4.463283616394159,0.3025989325858214
58428.451395887154,-5.367544328694121,0.3806359178633685
58428.47222934481,-3.013060806929527,0.30976763433274945
58428.493062801994,-3.6622069065050034,0.3858269917011974
58428.51389625825,-2.9608627579846356,0.36395983336201365
58428.53472971427,-3.996508500002588,0.36112040510102394
58428.55556316937,-3.7998675440641403,0.33642463166836545
58428.576396624,-5.478860714817157,0.3019241721132362
58428.597230077925,-1.062970544818779,0.3930145822977195
58428.618063531394,-1.8758733770945004,0.31678327032466524
58428.63889698416,-3.655293785991627,0.33581494498082415
58428.65973043622,-3.324202120419071,0.34433661036119334
58428.68056388782,-3.0501648644128037,0.2634837464918817
58428.70139733873,-5.122704629420008,0.2968476104578884
58428.72223078893,-6.618954854424993,0.3276349986925575
58428.74306423867,-3.5233359269758324,0.36145458218397464
58428.763897687706,-4.741880318069114,0.27585965578010446
58428.784731136286,-2.3502436679587153,0.3115623003682112
58428.80556458416,-4.311776884028461,0.35935414339542826
58428.826398031335,-3.9777622764649405,0.29256868264271974
58428.847231478045,-4.073996006371866,0.3906907897733271
58428.86806492406,-1.2663454284951015,0.3814895052166966
58428.88889836961,-4.027256437774898,0.29155409313161257
58428.909731814456,-3.702923483448458,0.3307256687694576
58428.930565258604,-3.1597349549582665,0.3339231743130963
58428.951398702295,-3.0213486501936035,0.3384865331387182
58428.97223214528,-2.0545240653121297,0.3037091319357565
58428.9930655878,-4.0370241912296345,0.3692698127014358
58429.01389902962,-2.4239205441212848,0.3040769077347616
58429.03473247075,-1.975311546620074,0.33321894821455544
58429.0555659114,-3.0414043805812425,0.28481934835558725
58429.07639935136,-4.776880461659872,0.33227947481510794
58429.09723279062,-1.5593563023294013,0.3029455399213823
58429.11806622942,-4.201424897941268,0.26228711686158557
58429.138899667516,-6.794919118142997,0.2792174558869947
58429.159733105145,-1.0479913295803722,0.32012980582974354
58429.180566542076,-5.584630978416045,0.38432906652597587
58429.20139997855,-1.0483969991886493,0.2771296459850906
58429.222233414315,-3.7740093637709093,0.2906342564845774
58429.24306684938,-2.7269574448736686,0.3410397976336508
58429.263900283986,-2.962326949548347,0.36480586541484333
58429.2847337179,-2.2003996732875883,0.30763264814697244
58429.305567151336,-3.7539150505282706,0.3462287080420353
58429.326400584076,-3.208527490161278,0.3004652141615372
58429.347234016124,0.11061661705291814,0.3548981860608695
58429.3680674477,-0.3755622499104705,0.3519636434382337
58429.38890087858,-1.7399540647829288,0.26458271831899394
58429.40973430899,-2.8230684184039845,0.2966714270027255
58429.43056773871,-2.233844021329928,0.3367200608575354
58429.451401167724,-3.3947753892708263,0.2701770559147094
58429.47223459627,-1.3196662238956631,0.3368619991328046
58429.49306802412,-0.10801315564796687,0.34064140750503846
58429.513901451515,-0.3381700771829308,0.31095269503598505
58429.5347348782,-2.56292094850557,0.30729821401792695
58429.55556830442,-2.3323033982679138,0.3084475460391631
58429.57640172995,-3.5205650579782706,0.2956166249451081
58429.597235154775,-2.27766629953124,0.33415782910677244
58429.61806857913,-3.489472449300303,0.3314379417702464
58429.63890200279,-0.8416806808967401,0.3229742665722855
58429.65973542599,-0.4271512721717663,0.3084380045512075
58429.68056884849,-1.8655841171426588,0.3602168240280227
58429.701402270286,-2.8872970067910497,0.3321454355972254
58429.72223569162,-3.4701037473402407,0.29730085247224164
58429.74306911226,-1.7207210578763088,0.35870150561179914
58429.763902532424,-2.0617636959443706,0.3158528968949788
58429.78473595189,-3.752401487221877,0.30198689471427004
58429.805569370896,0.14838841385069346,0.29013215318627394
58429.82640278921,0.17826808721266385,0.35345930369458767
58429.84723620681,-1.2485294598937213,0.3160021476868172
58429.86806963327,-2.9297411389313557,0.36401030719864524
58429.88890304971,-2.2614025677638767,0.3085932289266184
58429.90973646569,-1.5057600278924501,0.33493943069483517
58429.93056988097,-5.145729275597787,0.32336104847260194
58429.95140329578,0.02903033240211217,0.29953359445463557
58429.9722367099,-4.129519277596621,0.28864815514916475
58429.99307012332,-3.9721568270313496,0.30530503549219395
58430.013903536266,-2.1459500121462103,0.3188989905698934
58430.03473694852,0.7761819190014307,0.3115790291641359
58430.0555703603,-0.9108032530296581,0.34958392399347565
58430.11807059171,-0.8630601399671488,0.3622298898995282
58430.13890400117,-3.108441113249876,0.36204197376152475
58430.1597374097,-2.762838616768053,0.3721466244275831
58430.18057081799,-1.0464322750433726,0.2966298598204579
58430.20140422536,-0.9230340705350691,0.3225979807812916
58430.22223763225,-3.0027259398255204,0.30218362560215706
58430.24307103868,-4.287484195274114,0.27710018739328507
58430.263904444415,0.415480474098348,0.32349471739543645
58430.284737849455,-3.9398037553804452,0.32642837062189106
58430.30557125402,-2.4071488499491367,0.3192907942923495
58430.32640465789,-1.919288649880281,0.38381993903703304
58430.347238061295,-1.347292361453459,0.28596798988621286
58430.36807146401,-1.9152345380986808,0.3540213484985737
58430.38890486601,-0.9150145402953382,0.3345498392141426
58430.40973826755,-3.0636386913720477,0.37526529750315146
58430.430571668636,-3.093096664911039,0.2935494902919784
58430.45140506878,-1.144777767919474,0.33379066981316735
58430.47223846846,-0.398500002687,0.31582704014056967
58430.49307186767,-1.5416809919284649,0.3143979686680959
58430.51390526619,0.8044686732027889,0.3108631623925165
58430.53473866424,-1.2020576465568114,0.29221835867128515
58430.55557206159,-0.793151376890692,0.34662486675602516
58430.57640545825,-0.41225418347091003,0.30930931516349447
58430.59723885443,-2.291463726920119,0.3110366511198384
58430.61807224992,-0.3927784418197293,0.2968963865020726
58430.63890564471,0.6383828009011445,0.3649676273215174
58430.65973903903,-1.848043499118139,0.3044748543810455
58430.680572432895,1.5997068775465066,0.33249170826386243
58430.701405826054,-0.13041308464319268,0.3613612978274402
58430.722239218514,-1.8025432118085285,0.3134165669994946
58430.743072610516,-2.8214156705666773,0.376373004960421
58430.76390600181,-0.9174879494330443,0.3089978615356065
58430.78473939264,-1.1220946342612188,0.33930970448268793
58430.80557278278,-2.1700894750946658,0.3142564863536278
58430.826406172215,-0.8810474853802706,0.33290394175299004
58430.84723956118,-0.7135838042809438,0.3454786242786799
58430.86807294945,-2.6628283828758663,0.35766698757129667
58430.88890633726,0.5662324351931591,0.28803998571411576
58430.90973972437,-0.2699847276947275,0.32478336126408924
58430.930573110774,-0.2284097219334329,0.3779092642638284
58430.95140649672,-1.0668775934646,0.3350532137939738
58430.9722398822,0.13043849632086135,0.30158023641731674
58430.993073266975,-2.1144774039721757,0.31029407019560207
58431.01390665105,-0.08109967735756046,0.3638370247825092
58431.03474003444,-0.004301274015387491,0.3531649169667058
58431.055573417354,0.0,0.0
58431.0764067998,0.731469456679452,0.2835070556937294
58431.09724018155,-2.7669662371939934,0.30218717111916427
58431.11807356261,-1.1724501951569486,0.30842080288070384
58431.1389069432,0.8621082888557805,0.3210026338923416
58431.159740323084,-1.0512267786799092,0.30445062564905995
58431.18057370228,0.8753472184029513,0.314511347669894
58431.201407081004,0.7987944180787802,0.30359961908563987
58431.22224045926,-1.6472029177386562,0.31341197366380624
58431.24307383683,-2.9748613661814245,0.3605958700568131
58431.26390721369,-0.32016942075048954,0.341503535680271
58431.28474058985,-4.894922134380438,0.3491749291709735
58431.30557396555,-0.8202840147227339,0.30143766649162607
58431.326407340784,0.37905428222953264,0.32547624385707924
58431.34724071532,2.95552623596128,0.3492355460798271
58431.36807408915,-0.17059823634048693,0.3139345105353735
58431.388907462526,-0.19310747626704533,0.2852564861253063
58431.409740835195,1.1799724509625682,0.30132236071004326
58431.43057420717,-0.6254525116516535,0.318976145319586
58431.45140757867,-1.0221451464182123,0.3018195949328019
58431.472240949486,0.9898731292998239,0.3680415993146948
58431.49307431983,-1.4946673025087187,0.33000169418298614
58431.51390768947,0.4122284880711617,0.3383538402980006
58431.534741058655,-0.9920021604322382,0.2891332951864154
58431.5555744269,1.202183371149038,0.3147723015935418
58431.57640779491,0.4167443617349107,0.3669019503907552
58431.597241161995,-0.45674153527413885,0.2600403163293515
58431.61807452862,1.9106041893537486,0.30158135020892596
58431.63890789477,0.9802103183383886,0.34819101045379725
58431.65974126022,-2.264455072256712,0.28556073948652644
58431.68057462498,1.3729218154669156,0.28397559071933665
58431.70140798927,1.480782612078789,0.3239019015958227
58431.72224135286,1.979216791126209,0.3299403028590199
58431.74307471575,2.275352779589388,0.29722059302105336
58431.76390807818,0.5057501434291073,0.36398675862735963
58431.78474143991,-0.47493168182861556,0.3059145774026457
58431.80557480117,-3.719624812734324,0.3279804726595519
58431.82640816174,-1.237398030239763,0.31643969588645776
58431.8472415216,0.015713507052877884,0.3240184407549945
58431.868074881,-0.15455808646905633,0.37839094639705334
58431.88890823971,-0.5195009596209635,0.36446477165201857
58431.90974159794,-1.3497119943506846,0.3254399604358708
58431.93057495548,0.6887030147530588,0.31803813886358995
58431.95140831232,3.5068853911697815,0.30590901401761855
58431.97224166869,-0.07158692381318454,0.3108114590838107
58431.993075024366,-1.3168561360096849,0.3306038627605516
58432.01390837934,0.5801650625653193,0.3349586211805782
58432.034741733856,0.3254688256164756,0.3143572731316629
58432.05557508767,-0.550042337487082,0.3205422349899077
58432.07640844101,1.4736007898282812,0.31786136903504036
58432.09724179366,-1.116870903648283,0.33515980513169696
58432.11807514561,-0.4337665864715935,0.35466150990892686
58432.138908497094,1.4522678382407563,0.30387815389607675
58432.15974184788,0.2543160925658583,0.3480317851065182
58432.18057519797,1.318175432087682,0.3255538310941123
58432.20140854759,3.0178909503083733,0.3019812687803576
58432.22224189651,1.0353505704737773,0.31053993124125484
58432.24307524497,-0.2137921457468156,0.26281509251815655
58432.26390859273,0.5739803856507544,0.32290314222355304
58432.28474193979,1.279482300971289,0.2983228752405999
58432.305575286155,-0.8150272701363924,0.33306960065672836
58432.32640863205,-1.240739521177714,0.3120556906737443
58432.34724197748,0.5108898771532084,0.31421587221692254
58432.368075321974,0.5979033211574023,0.33916849817121036
58432.38890866601,0.5214757670728513,0.32018442908721584
58432.409742009346,1.0023329387891202,0.344263337215305
58432.43057535221,1.4398804576676043,0.32447001465203085
58432.45140869439,0.42712171503071905,0.32919067358049653
58432.47224203609,0.3227187314127955,0.3718731790996967
58432.493075376864,2.8686507648888924,0.34408388165623616
58432.51390871718,-0.18801884782915756,0.3610263043410228
58432.53474205702,-0.6265008790405772,0.269691556609816
58432.55557539593,5.216329808127239,0.3453591435928244
58432.57640873437,-1.2430209973954582,0.3027794362900919
58432.597242072356,-0.6679386385159642,0.34047664336613165
58432.618075409635,-2.1207270982981026,0.3076033852064358
58432.638908746216,-1.1561182558653302,0.3639561994360584
58432.659742082105,1.4510516663607143,0.31451143112931584
58432.68057541752,-2.128303075575634,0.3248552903903217
58432.70140875224,3.098736484525277,0.31494109104970436
58432.72224208627,0.38124080466636046,0.347006222905454
58432.74307541982,-0.7637171459974916,0.2908510492186535
58432.76390875268,1.1636673676023164,0.31731260488451835
58432.78474208484,-0.6624325366942733,0.2796159596790538
58432.80557541653,-0.32102834996699114,0.31208115834123484
58432.826408747525,0.8674210356241361,0.30859826073447666
58432.84724207783,1.6806534610387145,0.2886240000825525
58432.868075407656,-0.8558388437209359,0.34915877897238806
58432.88890873655,0.6315681417079584,0.3044861207956003
58432.909742065225,1.9226258795291,0.27128551324477096
58432.93057539296,1.4926412668107027,0.31174882987647434
58432.951408720226,-0.7779588032097213,0.3054214149398472
58432.972242046795,-1.7906845977906118,0.31951717950770575
58432.99307537267,0.4053817037879608,0.3465847857525164
58433.01390869808,3.347763713657563,0.29825720428904284
58433.034742022784,-0.7466869157256953,0.2991548594689778
58433.0555753468,0.08798215799887099,0.30308646542707773
58433.118075315106,2.6153889602799714,0.26743228937229074
58433.138908636785,-0.07932204788612135,0.29286387653854185
58433.159741957534,-0.3430132290663099,0.309391705186259
58433.18057527782,1.8501479155581388,0.32817449473083266
58433.20140859764,0.9177109822673661,0.3669381355440084
58433.22224191653,2.5019976222229197,0.28568053012796596
58433.24307523495,3.9964248081247584,0.37182140688607224
58433.263908552675,2.0812939056063855,0.30275405345676104
58433.2847418697,2.343409574500944,0.30292608176520286
58433.305575186256,-1.8409340439745763,0.31299725689024815
58433.32640850189,3.5861223831807374,0.25248196123953554
58433.34724181705,-0.5268291682332729,0.3325476135833691
58433.368075131744,1.9282727499101693,0.3058886101679189
58433.388908445515,4.077050631632998,0.30531482345124783
58433.40974175881,1.2743450215981138,0.3315275857200976
58433.43057507141,1.9528086627973882,0.313343031233551
58433.45140838332,2.569397748549121,0.27437783603410715
58433.472241694755,1.2890111432116278,0.3150979324605431
58433.49307500549,2.6983220142921565,0.2554257793456356
58433.51390831554,0.14617678987430271,0.3041953731326277
58433.53474162488,1.4592793993842081,0.3956553016234544
58433.55557493352,1.59645832542154,0.35683561376355755
58433.57640824169,2.0340268993439556,0.35394249948805073
58433.59724154918,3.538560648998018,0.34919563841411794
58433.61807485596,2.716266048623843,0.3520141569592762
58433.638908162044,-1.160532865190619,0.3118620039461132
58433.65974146766,0.019624853014308108,0.3025205511848414
58433.680574772574,3.5368713233935627,0.2993826690990217
58433.7014080768,1.2018822034695393,0.32676734908377053
58433.72224138032,-0.40459632307121934,0.34141030321957877
58433.74307468314,1.8501439835300633,0.37051189823879155
58433.76390798549,3.394683754672039,0.37297505970431766
58433.784741287156,1.2401445390660264,0.3125381779574067
58433.805574588114,1.675404112558066,0.3019964536047846
58433.82640788837,1.1469315355554468,0.3345840417112951
58433.847241188174,2.1153296747800017,0.2562298199438573
58433.868074487036,-0.07160696130803668,0.27782777499153954
58433.88890778543,-0.5670399769207197,0.30228102341296426
58433.90974108314,0.15938707069131142,0.38302640636925117
58433.93057438014,2.924970483393704,0.30863712965599366
58433.95140767644,0.4887367693801322,0.32482867443231855
58433.97224097228,1.4693494449990494,0.3296065243775154
58433.99307426742,1.2711007014256637,0.2902124138677862
58434.013907561624,1.0053715801024032,0.3588742395023766
58434.03474085537,0.7758138778157031,0.32045589120680623
58434.055574148646,-0.6249131745401377,0.3041082168688642
58434.07640744099,1.0236261617237623,0.353750203413817
58434.09724073264,0.21646504823819634,0.3388484496855309
58434.11807402382,0.6173069421535156,0.3222405841046573
58434.1389073143,3.5194403335328373,0.32484595072213157
58434.15974060408,1.6440201157372045,0.30661038485254444
58434.18057389317,0.9202246160981993,0.3202461586166265
58434.20140718156,4.286320766534141,0.2887020027357447
58434.222240469484,0.9251247577713586,0.2727729836912521
58434.24307375647,2.8957516682691384,0.3124571393654411
58434.263907042994,-2.2239668123790097,0.3248930925652287
58434.284740328825,2.985490108334028,0.282013973463905
58434.30557361395,0.8332694532105436,0.43437003493045373
58434.32640689838,0.8798452453806935,0.3339276539163468
58434.347240182105,2.8537022411749877,0.33407666632017957
58434.36807346514,3.7972695338869986,0.3544859630414942
58434.38890674771,1.4903959285620525,0.28829551016622024
58434.40974002934,1.1757918860365415,0.31896059799310333
58434.430573310514,3.7211992397989357,0.3513621247554916
58434.45140659098,1.4475527076173964,0.3021945617793943
58434.47223987075,2.597215010246116,0.36541421365347687
58434.49307314983,3.3967949859380546,0.31106588683473724
58434.513906428205,3.797163473526272,0.3321721734873586
58434.53473970588,0.57296344225203,0.34585440050105914
58434.555572983096,1.565636938686032,0.33275336876100275
58434.57640625937,0.3160185468836911,0.31001353800691167
58434.59723953519,-0.21678750552034104,0.2886010799637262
58434.618072810306,-0.4217827323513361,0.3104331536502311
58434.63890608449,2.301448561835958,0.30547677421507496
58434.65973935821,2.86537536061209,0.2693196362043836
58434.68057263123,0.9595997236933023,0.310528753092424
58434.70140590355,2.0557091973079236,0.31983079483947335
58434.722239175404,1.2110807646189283,0.30813387854512775
58434.743072446334,2.7780946535309194,0.31718206106473995
58434.76390571656,1.6126723291117884,0.3337057427787601
58434.78473898632,2.539940852622378,0.30019482616731463
58434.80557225515,0.9807824054222107,0.328448344014102
58434.82640552351,1.8246762367093279,0.3126383455895924
58434.84723879118,1.0564262402573819,0.3329746992650847
58434.86807205815,4.478336384128166,0.3401938269090853
58434.88890532441,1.3124778528417442,0.3023187340763658
58434.90973858999,3.3471264148221116,0.41635098838715323
58434.93057185486,3.2775400912607418,0.30674046362989715
58434.95140511903,-0.08427275020546199,0.30989153113504386
58434.97223838273,4.460950879739861,0.36140232916060633
58434.99307164551,5.543789053171652,0.2892442613770743
58435.01390490782,2.6373706950566693,0.27057646387593254
58435.03473816944,1.8813473646354248,0.37564074617616644
58435.055571430115,-1.7446232664018835,0.3628075493490536
58435.07640469033,3.174878282421087,0.31332945236367793
58435.09723794985,1.7964412577596285,0.31120338443074386
58435.1180712089,1.748735387937936,0.31146806828668655
58435.138904467014,1.7167311478522518,0.32191001798017405
58435.159737724665,-0.19072889697899653,0.3449367994938011
58435.18057098139,3.0156598383756195,0.3441077003091027
58435.20140423765,1.469803183712479,0.34584409132513716
58435.22223749321,3.222671996962683,0.3180740322264054
58435.24307074807,3.0787638365118495,0.3125648721106487
58435.263904002226,2.0535078680902634,0.29224772412164424
58435.284737255926,1.7381293074430209,0.32153123932120586
58435.30557050869,-0.7431868176592622,0.30542823394068686
58435.326403760984,1.7304968026400507,0.34158741550031396
58435.34723701259,1.7798237258756378,0.31772063564005526
58435.36807026372,2.2886127530147897,0.33824625770563466
58435.38890351392,1.7863008024134697,0.31254274287929495
58435.409736763664,2.0674558731893633,0.2948967269892206
58435.4305700127,0.9632436087424184,0.3379177052378857
58435.45140326104,1.2893817183779817,0.31377947547931984
58435.47223650892,-2.6515834667849436,0.3039610576236345
58435.49306975609,1.2167657613866985,0.2999418941352134
58435.51390300257,1.9628075388068156,0.278068721532829
58435.534736248585,1.101949887204088,0.3366411513914716
58435.555569493896,0.2229068481152682,0.3186930491345317
58435.57640273875,1.5834612870327067,0.30778870112831314
58435.597235982896,0.19337081637417597,0.2926251232869777
58435.618069226344,0.7468248251035752,0.31463694205495896
58435.638902469334,1.9203644204276373,0.313328457779774
58435.65973571185,-0.5281319964157147,0.3772384960159329
58435.68056895367,1.1736112510144903,0.3261518619777464
58435.7014021948,1.3442377637273841,0.2913617147961617
58435.72223543545,2.7780035832398413,0.32098552424434196
58435.74306867564,2.366007763761387,0.29778148559170114
58435.76390191537,3.006703246175065,0.3538731468054758
58435.78473515463,4.129608355874899,0.3145578407534699
58435.80556839319,0.7687837396809619,0.30588893582493676
58435.82640163129,1.3144014202309542,0.3713427865519017
58435.84723486892,1.8993395275271931,0.37012272868729296
58435.86806810608,1.6789318778776696,0.34644317412203446
58435.888901343016,0.14410833271981272,0.39189578410040116
58435.90973457925,2.832213759752157,0.35073458477622677
58435.93056781501,5.76445228102596,0.3670688761522823
58435.95140105055,1.6386148438145498,0.3672557721176994
58435.97223428562,1.194616866375023,0.41240615691362187
58435.99306752045,2.2999843068403147,0.4137354664098988
58436.01390075483,1.8923709367140005,0.44393118849281676
58436.03473398896,2.3357589422523355,0.34898735244173473
58436.05556722287,4.175053034570443,0.4751178010935333
58436.11806692272,0.4416063540858304,0.517807866789559
58436.138900155696,3.6687280313009305,0.5859192531618832
58436.159733388435,0.9853642618498488,0.575487977955941
58436.18056662118,0.8270609066904071,0.5238114842853253
58436.201399853686,2.0285054281379917,0.6309838667481974
58436.22223308619,3.5568106338688175,0.5921123450795469
58436.24306631894,3.0781349557186406,0.6981779231568737
58436.26389955144,-0.17919851346144977,0.7670578494015874
58436.28473278418,1.1644016642272947,0.7683611223315859
58436.30556601716,1.9569512668043316,0.7867127917818981
58436.32639925013,6.761587433185611,0.8560236018357608
